2009.10033
1806.08874
2009.01786
2009.01367
1707.00355
1803.01420
1304.5299
1511.03908
2002.10791
1504.08168
2009.10033
1806.08874
2008.03592
1801.04487
2008.04203
2011.02327
2009.01485
1908.01874
1810.13104
1605.07018
2008.02952
1805.04609
2008.07318
2008.02840
1806.04884
2008.05088
1707.08763
1406.5429
1507.08847
2008.07146
2008.03301
1905.11222
2006.04004
2101.12639
2009.01282
2008.04113
1911.00870
1606.03935
2008.03662
2009.01362
2008.06729
2008.01221
1705.02556
2008.06555
1910.11901
1705.04524
2008.02950
1804.05741
2009.01366
2008.04377
2008.07318
2008.01193
1910.03834
2008.06971
1806.01455
1602.02899
2008.03582
1809.06019
2008.06110
1607.07288
1706.04687
2006.05587
1304.4806
2008.04481
1611.08655
1607.07288
2007.12720
1807.02033
1506.02903
2007.12929
2008.02216
2103.12872
1009.5773
2009.01591
2007.13492
2003.04508
1703.00556
1904.02851
2009.01468
1808.05500
2008.06727
2006.08161
2006.14794
1407.3926
1906.04680
1805.10406
2009.01279
2008.04387
2009.01672
1605.08764
1906.09199
1709.03879
1709.03413
2008.04815
2008.03526
1701.08810
2009.01696
2004.02336
1712.06087
1706.04463
1803.01690
1902.06691
2009.01742
2008.04108
1804.08316
2009.01521
1504.02712
1606.03623
1805.10561
2007.13695
2008.01519
1206.6465
1305.0698
1707.05115
1410.4461
1911.07643
1712.09687
2009.01527
2008.04407
1907.03626
2008.01218
2008.03703
2008.03507
1708.07367
1509.05009
2007.08840
1907.12268
1907.03626
1806.08908
1512.01537
1802.00033
1506.04416
2103.14187
2008.06717
2009.01607
2008.06543
1401.2121
1602.02086
2008.06974
1312.0049
1309.0085
1301.4168
2006.07402
2008.03825
2007.07177
2008.04216
2009.01317
1608.03785
2101.05004
2008.01214
2007.12975
1903.03684
2009.01625
2009.01438
2008.04008
2008.03843
1602.02888
2008.05042
2008.03391
1511.02513
2008.06599
1504.02089
1812.03362
2010.10631
1911.04052
1612.04431
1601.01614
0809.1017
1911.01911
1504.03303
2008.03843
1309.0085
1910.09638
2008.03559
2008.03650
2008.03033
2008.03522
2007.08840
1611.03652
2009.01658
1604.01785
1611.00328
1605.04874
2004.09963
2002.09843
1712.00646
2009.01235
2007.07177
2008.04988
1811.00333
1506.04573
1907.12393
2001.02302
1611.03652
2008.03450
1508.01191
2008.02107
2007.13484
2008.04388
2008.03194
1810.06746
2007.08457
1908.03901
2008.03309
2008.04158
2007.01099
1912.11316
1510.03203
1605.04874
2002.11318
2008.01531
2007.12856
2010.10631
0712.4402
1401.4539
1904.07612
1703.00548
1502.03255
1604.03210
2008.02900
1610.01132
2008.02232
1811.02633
2006.09439
1701.06167
2008.02159
1502.03255
2101.10792
2004.10048
2008.04600
2009.01810
1507.04798
1701.04569
2008.04379
1602.02887
1904.12232
1508.07678
2011.13916
1611.08103
2008.04223
1505.05373
2008.05443
2009.01534
2006.02049
2009.01573
2008.04946
2009.01399
2009.01803
1910.09599
2008.06330
2007.13709
2009.01653
2008.04254
1501.00102
1802.04687
2011.14504
2009.08270
2009.01369
2008.07083
2008.07055
2008.07009
2008.04975
2008.03525
2008.02196
2008.01133
2006.15417
2006.14591
2004.12908
2003.07108
2002.10316
2003.04033
1909.02688
1903.04940
1703.09620
1703.03076
1701.03641
1610.04325
1605.06792
1512.08899
1510.01444
1807.02740
1412.5077
