1205.2251
1707.08763
2008.04594
2009.01267
1601.04520
1701.00168
2011.08172
1905.13532
2009.01617
2009.01686
1009.5149
2004.01142
1401.4539
1602.03050
1507.06838
0810.3125
1912.00146
2004.10126
1606.07979
1401.1434
1612.07113
2008.04223
1605.05977
2008.03723
1811.07701
1507.07363
2009.01485
1804.08316
1807.02221
2008.03053
1111.4136
2009.01762
2002.10931
2008.06534
1212.2950
1504.02089
1609.06508
2008.01957
2007.12856
1909.10783
1603.04891
2009.01523
1908.08981
2008.01187
2007.09645
1403.3300
2008.06899
2007.09645
1509.02601
1505.02322
1609.06323
2008.03194
1708.07367
1808.05500
1306.5039
2009.01565
2007.12747
1504.03303
2002.06842
2008.06883
1507.03278
1802.00033
1607.05755
1511.00442
1509.03127
1712.00747
1709.02271
1702.05967
1705.04043
2008.06219
1402.1141
1506.01151
1804.04186
2008.13312
1710.05419
1105.1884
2008.03750
2009.01364
2008.04388
1812.07640
2008.05150
1903.02632
1508.06586
1903.02632
1601.01614
1211.4095
2009.01338
1609.07983
1506.01151
1512.05667
2008.03843
1903.04369
1907.01883
1808.06717
1909.10783
1712.00646
2104.05364
1708.00183
2007.11808
1712.05594
1606.03236
1611.06385
1412.1929
1409.5276
1712.06042
1908.01874
1511.03908
2008.03391
2008.07055
2008.02196
1701.00227
1903.04940
1704.00908
1407.4645
1608.05169
2008.03215
1608.08306
2007.12823
1703.00548
1405.7470
1309.3870
1603.07188
2008.06634
0803.1695
1108.6263
2008.03632
1704.06305
1704.05737
1602.07127
1611.08131
1204.4411
1507.04046
1701.04906
1503.08642
1505.00001
2008.03453
1511.04036
2009.01604
2008.04650
1410.2697
2008.02900
1909.02290
2009.01530
2009.01696
2008.05055
1109.0687
1608.03785
1708.04797
1109.2378
1910.10934
1709.10075
2008.03455
1203.2015
1512.08899
1805.07954
1607.04077
1705.01823
1705.03933
2003.07108
2007.12929
1204.2124
2008.01835
2008.06063
2008.02944
1009.5773
1402.0068
1811.02633
1912.01562
2003.07108
2008.06727
2008.04450
1709.02271
1309.5657
1704.07293
1605.07018
1608.02824
1810.00237
1602.02899
1902.08684
1111.4136
1101.2577
2008.03857
1709.00255
2009.01475
1307.2852
1510.00266
1610.09976
1907.05777
1704.04550
2008.02881
1209.3573
1507.07505
2102.03071
1705.01924
1111.5743
2008.04689
1906.09199
1611.09769
1906.02898
1902.08767
1806.08874
1510.02644
1807.09982
0809.1017
1209.2471
2009.01810
2009.01604
2009.01281
1712.08868
1803.08457
2009.01393
1703.03904
2008.02196
1505.05373
1012.5752
2008.02164
1007.1048
1904.05151
1406.0496
1410.4461
1301.4168
1310.4349
1602.03090
2104.07160
1709.08872
1606.03935
1609.07983
1907.12268
1511.07212
1209.2612
1906.11661
1209.3573
0903.5399
1806.06779
1903.09966
1902.08767
1606.03935
1801.04487
0905.0024
1211.0729
1709.03879
1412.2662
2008.01531
1709.10075
2008.06265
2008.03525
1504.08168
0910.2044
2009.01742
1210.3146
1808.05500
0904.2477
1304.3477
0710.4965
2008.04216
1508.01191
1505.07780
1611.05429
1805.10561
2009.01446
1107.1938
1804.08316
1511.07212
1108.6261
2008.01214
2008.04108
1705.06125
1309.3870
1909.07585
2009.01366
1602.02888
1808.08850
1808.08850
1406.7769
0710.4965
1001.4548
1203.2015
1609.03062
1509.00705
1502.05145
2007.11808
1301.4168
1601.06611
2008.01139
1507.00443
1804.00485
2004.10130
2008.06899
2006.11510
2011.13113
2008.03801
1511.01650
2012.09327
2008.03194
1012.5379
1701.04906
2008.04617
2008.04689
1602.08166
2008.03102
2008.03857
2009.01653
2009.01364
2008.04617
1604.03210
1711.08498
1612.04431
1505.07780
1511.00442
2009.01364
1912.02093
2009.01422
1209.0126
2008.01431
1505.01988
1803.08457
2008.03526
1506.04013
2006.11510
1805.12518
1507.04046
2009.01544
1605.06792
1201.0626
1507.08847
1407.4645
1906.09199
1307.6444
1506.04573
1602.03090
2008.06667
2008.04128
1806.09189
1506.05231
2009.01527
0903.4386
1907.12268
1705.05334
2009.01634
2103.05256
2009.01559
1302.6738
1912.02093
1608.08306
1507.06427
1905.11985
1512.02379
1701.03641
1712.05594
1605.01686
1610.06924
2007.09645
1508.01191
1911.01911
2008.04703
1806.09727
1612.04484
1503.05971
2008.06680
2009.01527
1704.05737
2009.01544
1302.6738
1612.01263
1105.1884
0905.0024
1906.04680
2008.04866
1706.06836
1602.03770
2008.06971
1507.08847
2008.06286
1805.09322
1406.0496
1904.05151
1111.0379
1510.00266
1903.09966
1702.05967
1512.08899
1704.05134
1502.05860
2008.04845
1201.5835
2008.02868
2009.01514
1805.08099
1702.06259
1701.08124
1802.00033
1605.08764
1708.09097
2009.01334
1512.08899
1907.01393
1510.04489
2008.06865
2008.03697
0911.3438
2008.03988
1305.0698
2008.04516
2009.01485
1010.1911
1312.0049
1508.03959
1812.02232
1304.4806
1112.3925
2005.11692
1202.2080
1504.03670
2101.10792
1503.05911
0912.0255
1804.07097
1609.03062
2009.01465
2008.04578
1701.06167
1903.09054
2008.04008
1503.08643
1301.6465
1310.1766
1309.5657
2008.07083
1609.04340
1602.08166
1505.01523
2008.06110
2009.01762
1701.01644
1801.04984
1506.01159
1712.09687
1011.1201
1610.01132
1103.3952
2008.01519
0804.2469
2010.08923
2008.01221
1503.05911
2008.04113
1411.5474
1802.08590
1805.12518
2008.04352
2008.01133
1111.3000
0901.2321
1611.05915
2009.01376
1501.06461
2008.01693
1609.04340
0708.0053
2010.08923
1605.07018
2101.07509
1908.11752
2008.02107
2008.04450
1503.04253
2009.01632
1407.3926
2008.03903
1602.02887
1705.01823
2009.10283
2008.02900
1712.00747
1411.4166
2008.01555
1804.00954
1010.1911
1312.6503
2008.04481
1601.06834
2007.12747
2008.03844
2008.07274
2009.01753
2009.01287
1909.10783
2008.02900
2009.01369
2008.07466
1903.03684
1507.04798
1201.5835
1609.04340
2008.07171
1705.05334
1704.05134
1905.11222
2008.05055
1601.05137
2007.13492
1409.5276
0804.2469
1506.04573
1406.0496
2008.04687
2008.06534
1409.5276
1809.06019
0905.0024
1206.4691
1903.03684
1402.1141
2008.06883
2009.01465
2007.13484
2009.01573
1602.02887
1211.0729
1607.05755
2008.01835
1705.04524
2008.04379
2008.01139
1701.00117
1510.01444
1001.4548
2009.01610
1808.05500
2008.06092
1810.08938
1709.03879
1907.01393
1201.5360
1306.0585
2008.07009
1508.07678
2008.01279
1502.03951
1910.09599
1703.02077
1603.02466
1405.1250
2101.12639
1109.2378
1807.02740
1406.7769
1706.04687
2008.01218
1605.02588
1709.01597
1411.7055
1511.01807
0708.0053
1905.06105
2008.03756
1705.06979
1811.08614
2008.05122
1304.3477
1511.01807
2005.11692
2009.01559
1711.08498
1207.5220
1507.04798
1805.10561
1705.06242
1703.02077
1104.3049
2009.01393
1608.05867
1806.03501
1507.06427
2006.03669
2008.07171
2008.03681
1712.09952
1608.07076
1504.06773
1102.3029
2008.04687
1701.08124
1804.05741
1608.02824
2008.04753
1611.08103
1811.08614
2008.03455
2008.01552
1709.03413
1501.06461
1602.07210
1107.0416
1610.08543
1904.12232
1602.03674
1309.7698
1610.05156
1712.00747
1203.2015
1505.01988
1610.08543
2102.01254
2008.03053
1805.10561
1604.03558
1909.02290
1906.00577
1609.06323
2008.03703
2009.01581
2009.01427
1511.05709
1701.03641
2008.03662
1704.01696
1401.1032
1610.06924
1612.05221
2008.06167
1701.07299
1907.01883
1602.01995
1108.6263
1609.07983
0901.2321
2009.01362
2009.01290
1507.07363
1102.3029
1812.02232
1912.01562
1705.06979
2103.17092
2008.01519
1610.01132
1508.06158
1204.1559
1703.03905
1512.01537
1812.03362
1311.3158
1807.09905
1001.3498
2008.06648
1012.2088
2008.06823
1601.06014
1403.7495
2008.03844
1612.04353
1705.04524
2008.01957
1602.02899
1811.00761
1902.07064
1704.01696
1808.06717
1604.02347
1603.09169
2009.01317
2008.04693
2004.10048
1709.03413
2008.13312
1706.04188
2007.12720
1705.04043
1511.01650
1505.00001
1508.03959
1012.5379
1701.01644
1611.09769
2007.13484
1312.0049
1601.06578
1505.05373
1211.0729
1910.08416
1511.08941
2009.01604
1608.08384
1707.08313
1602.03770
2008.03988
2008.02952
2008.01860
1610.01132
2008.04158
0708.1496
1808.08185
1703.09620
2008.06265
1510.04489
2008.06110
1511.01650
2008.06695
1703.02077
1710.06384
2008.06727
2008.04481
1801.02466
1210.2484
2008.04617
1601.06611
1611.08655
1902.07766
1608.05137
1107.0416
2008.06063
1510.00208
2009.01338
2008.06667
1701.06688
1610.03245
1908.08981
1604.02347
1806.03090
1209.0126
2009.01753
2009.01369
1507.06765
1608.03785
2008.04442
1602.03674
1807.10255
2008.03686
1103.3952
1803.08686
2008.01555
1511.01111
2008.01835
1610.08543
2008.06883
1209.2612
1705.02201
1510.08786
1607.04818
1611.05915
1701.06167
1505.01358
1208.5268
1605.08764
2008.03825
1510.03203
1511.01111
1104.3049
1812.06828
1602.01995
1612.04053
1803.01420
1103.2756
2009.01393
1201.4801
1603.09169
1912.01562
1508.07678
1911.05147
2009.01284
2007.12747
1712.08868
2008.04687
1607.00974
1411.7055
1703.10918
1703.04524
1903.04369
1212.2950
2008.04687
2008.04578
2102.03052
2009.01653
1606.03623
1509.01094
1707.01134
1103.2756
1902.07064
2008.03559
2008.06680
2009.01235
2008.07083
1611.08655
1603.09169
2008.07171
1808.01662
2008.02868
1402.2760
2008.03681
2008.01133
1701.03641
1610.06712
2008.04203
1801.02466
1705.06979
2008.02940
2009.10283
1304.1185
2008.01279
1911.12504
1701.08124
2009.01369
1610.06712
2008.02940
1605.07018
1005.4216
1801.02466
1607.01272
1511.08598
2008.04216
2008.01555
1502.03951
1606.09042
1706.04463
1204.1559
2009.01280
0809.1017
1703.03473
1205.0170
1705.02201
1304.5299
1709.02271
2008.04549
1005.4216
2010.02043
0809.0840
1701.04906
1810.06746
1606.08226
1108.6263
1611.06385
1509.05009
2008.05088
1511.02513
2009.01658
1709.03413
1802.04687
1605.06792
2008.06330
2008.03665
1905.11222
1611.06924
1302.5391
1903.04369
1605.05924
2008.06092
2009.01818
1410.3987
1604.07426
1201.5360
1404.6866
1505.02322
1509.02601
1403.7495
1906.04680
2009.01569
1510.08786
1602.03090
1908.11752
1803.08686
1503.04108
1607.01272
2008.03592
1701.03008
1810.13104
1611.03616
1003.1511
1707.01134
2008.06865
1611.08103
1502.05632
2008.04693
2008.02993
2009.01376
1802.04687
1304.3477
1401.6541
1211.2926
2007.13019
1812.02232
2006.12227
1502.05632
2008.04845
2009.01527
2008.06954
1604.06996
1210.8101
1807.09982
1209.3573
1705.06242
2008.03844
1704.00908
1811.02633
2011.13113
1410.3987
1902.07064
2008.06974
1612.01263
1510.07825
1807.09982
2008.06265
0904.4526
1802.08590
1706.04188
1701.07096
0801.1179
1604.01785
1109.2378
2008.04264
1906.03184
1407.3926
1903.03684
1608.08384
1910.09638
1512.04313
2009.01591
1412.1929
1507.01882
2101.05004
2008.04988
1610.00348
1605.04874
1611.08131
2008.04502
1909.13604
1607.02259
1512.08754
2101.11218
1412.0037
2008.07055
1805.12177
1907.03626
2008.03525
1206.4691
2008.06648
1902.06691
2009.01810
1909.10302
1706.06836
1009.5981
1506.01159
1506.04013
1506.04744
2008.03763
2008.04703
1308.0994
1410.4461
1802.00800
1502.03255
1108.6261
2007.13492
1908.08981
1610.06712
0903.1765
1610.09976
2008.03559
2009.01759
2008.04975
2008.03903
1909.02290
1302.4000
1603.04891
1211.0729
1906.04680
1804.08316
1310.1766
1606.08226
1904.11564
2009.01235
1607.04077
1504.03303
1702.00635
1308.3987
1608.02824
2008.03686
1610.00348
2009.01591
1007.1048
1610.08543
0708.0053
2008.03453
1310.5590
1308.3987
1907.12549
1605.01686
1608.05169
1211.2313
1301.6465
1902.08684
1805.10561
2006.04423
1801.04487
1503.05971
1310.3902
2008.06219
2009.01540
1601.05137
2009.01527
1506.04013
2008.04673
1605.06792
2008.02900
1507.00700
1410.8816
1909.10302
1506.02903
1009.5981
1701.04569
1711.00339
1707.08900
2007.12720
2008.05055
2009.01279
1208.5268
2008.03903
2008.06695
1604.03210
2008.03750
2008.07274
1704.08680
1111.3000
1211.2313
2009.01293
2008.03194
1712.06087
1612.09423
1806.06779
1609.03062
1611.03652
2008.06330
1307.4801
1409.5276
2008.04216
1703.05523
0810.3416
1302.0753
1705.06125
2104.12368
2008.01655
1508.04934
1806.10254
1806.09189
1702.06259
1610.06924
2104.07160
1406.5429
1908.06757
2007.00168
1812.03362
2008.04975
1111.1129
2008.04254
1403.7495
1111.1129
1603.00611
1611.03652
1507.03278
1405.1250
1011.2946
2009.01753
2012.09641
1608.02424
1109.2378
1810.02919
2008.01655
1104.3739
1510.03203
2009.01317
2009.01465
2008.03727
1810.13104
2008.05042
2009.01530
2005.11692
2008.02952
1602.02086
1201.1221
2008.04128
1105.1884
2009.01521
2009.01460
1709.00255
1412.8528
1304.4806
1707.00355
1506.04744
1509.03127
2009.01341
2009.01293
1503.05971
1809.09876
1802.00033
1803.01420
1608.05137
2008.02940
0809.0840
1012.5752
2008.04998
2010.08923
1611.06385
1512.02379
1807.01456
1511.02513
1001.3498
1309.7698
1511.04191
1507.06427
2008.06717
0905.0024
1011.2946
1303.4672
2009.01317
2008.02868
1803.05970
2008.03448
1703.03076
1701.01010
2008.01860
1712.08868
1509.08790
2008.06971
1609.06323
1208.5268
2008.04845
1801.04984
1707.06664
1912.02093
1705.04043
1701.01326
2007.13019
1607.06179
1809.09876
1510.02644
2008.03844
1408.4437
1203.1952
2008.06286
1812.06828
1812.03362
2008.07083
2008.04104
2009.01759
2008.05259
2009.01560
2008.03650
1706.06894
1308.0994
2008.03825
1412.2662
2008.04738
2007.13121
1703.00556
2007.02713
0903.5399
1903.02632
2008.06717
2007.13492
1706.04410
1012.5379
1805.09322
2008.03801
1511.03908
1205.0170
0911.3717
2101.10792
1503.08643
1702.00635
2009.01579
1111.2451
2009.01810
1906.03184
2008.03448
1609.06508
1812.03362
1505.02322
1602.03655
1402.0092
1905.06105
2009.01364
1402.2760
1811.08614
2008.03309
1701.04569
2008.04998
2008.01295
1411.5474
1608.05169
1509.06035
2008.07055
2008.03843
1410.8075
2008.04600
1504.02712
1910.08416
1811.02633
0901.0015
1712.09687
1909.10302
0712.4402
2009.01399
1909.02290
1806.08908
1712.05594
1706.07513
2008.02944
1001.3498
1508.07678
1601.06578
1703.00556
1508.06158
2009.01696
1609.06935
2008.03301
2008.03697
2008.01552
1806.09727
1401.2121
2008.01218
1608.04721
2008.06717
1701.07299
1811.01111
1603.02466
1011.1201
1601.06578
2009.01287
1205.3940
2008.02868
1502.05145
1507.03278
1408.4437
1709.08872
2008.04442
1707.00355
1906.11721
1310.5553
1708.04797
1411.3334
1503.04253
1709.02271
2008.01187
0912.0448
0911.1318
1407.4645
1907.05777
1607.01272
1503.08643
2009.01653
2009.01485
1704.01023
1607.06179
2102.12289
1902.10278
1311.3566
1709.10008
1808.05500
1701.08810
1403.2708
1606.05491
1807.02740
1610.04325
2008.04975
1101.2577
1607.01272
1512.05667
2009.01317
1504.02089
1506.04573
1811.00333
2008.04264
1811.00333
1701.03641
2008.04124
1310.6900
1903.04369
2008.04650
1701.07299
1607.00974
1706.06836
1909.03050
1502.05860
2008.02840
2008.05128
1712.08868
1201.0626
2012.09327
2008.04370
1510.01444
2008.01431
2008.04442
2009.01827
2008.04379
2002.10931
1708.07367
1705.06242
1312.0049
0809.1017
2008.04738
2002.06842
1706.04410
2104.12368
1507.00700
1909.02290
2104.12368
1607.08472
2008.06555
1510.04489
1707.00355
1911.06742
1811.00761
1708.09097
1605.01686
1804.04186
1806.08874
1607.05755
1203.2015
1505.01358
2008.02164
1506.04830
1911.04052
1405.5978
1504.03670
1701.06688
1911.12504
1406.0496
2008.03844
1910.09599
2008.06219
1909.13604
1602.07127
2103.17092
1902.07928
1911.02929
2009.01290
1908.06757
1511.03908
1504.06773
1405.5978
1707.06664
1608.04721
1907.01883
2008.03650
1201.4801
2009.01422
2007.11808
2008.01628
2007.13121
2008.04673
1111.4136
1709.10075
1911.05147
1511.03908
1903.09966
1704.01023
2009.01786
2008.01531
1301.6465
1905.06540
2008.04113
1703.04524
1602.01995
1607.04818
2007.12856
1211.2313
2009.01765
1610.05156
1508.07678
2009.01762
1709.10008
1402.0092
1910.10934
1709.01597
1111.3000
1011.1201
1612.04053
1010.4824
1909.13604
1701.07096
1701.03641
1702.06259
1001.4548
2009.01607
2008.03053
2007.12975
1709.10008
2009.01334
2005.11692
1204.4864
2009.01634
1912.02093
1604.03558
1109.6460
1802.08590
1712.09687
2008.04998
1601.05706
1104.3049
1601.01614
1503.04108
1506.04830
1408.4437
1305.5316
1301.6465
1807.02221
1201.5360
2008.01957
2008.05122
1604.06996
2008.04104
1804.00954
1610.01132
2008.06717
1401.1032
2104.12368
1509.05637
1502.03255
1202.2080
2101.10792
1609.06935
1201.4801
1503.04108
2006.03669
1012.2088
2008.03825
2008.03681
1702.00635
2008.03525
2009.01460
1811.00761
0911.1318
0911.1318
2009.01658
1209.0126
2004.10130
1111.0379
1511.05709
1512.01537
1904.08138
2008.03665
1507.01882
1107.0416
1109.6460
2101.05004
2008.03686
2008.04108
1509.05009
1511.02513
1902.07515
1609.04340
2010.02043
1610.03245
1907.12549
1409.2413
2009.01399
1109.2378
0811.4349
1707.04982
1411.3334
1608.02424
2009.01468
1805.07954
2009.01672
2008.03309
1707.02798
2008.01133
2008.02868
1611.08131
2008.01133
0912.0255
1908.03901
1303.4672
2008.04254
0902.2685
2008.04866
1209.4214
1506.01159
1511.06568
1603.09169
1412.2662
1703.04524
2009.01785
2009.01827
1705.01823
2009.01284
1902.07515
0809.0840
1712.09952
1802.09307
1507.03278
2009.01625
1705.01823
1604.03244
2102.03052
1702.06259
2008.01218
2009.01293
1201.0849
1909.10302
2008.01295
1707.08900
2009.01672
2008.04988
2009.01540
1401.6541
1505.01358
1511.01807
1406.5429
1903.04940
1610.00348
1412.8528
1608.04671
2008.01835
2008.01555
0805.3742
1402.0068
1310.0670
2009.01427
1602.07127
1506.04416
1504.02712
1501.06461
2008.03662
2007.13484
1001.4548
1301.4168
1411.4166
1202.2080
1705.02203
1511.05366
2102.03052
1707.05115
2008.04516
1802.04687
1709.00255
1804.00954
2008.04254
1807.01866
2008.06555
1703.03905
2008.04113
1512.05667
2008.06865
1210.7931
0711.4475
1003.1511
1802.06079
2008.01214
1604.05937
1308.0437
2008.04549
1607.05755
1401.6335
2008.03988
1302.5391
1403.7793
2008.02859
2008.04108
2009.01581
1606.06566
1406.5429
1012.5379
2009.01692
1401.2234
1701.08124
2008.01221
1306.5039
1604.03210
1503.05911
2008.02993
2009.01786
1508.03579
2008.03750
2008.04407
1612.04484
1709.08360
1703.03904
2012.09641
1611.00328
1009.4641
2101.11218
1810.10639
1310.5590
2007.13019
2008.04158
1505.00752
1908.03901
1709.08360
2009.01544
1305.4912
1608.06891
1009.5981
1210.7931
1910.10934
1401.2121
1612.04353
1608.04671
1509.01094
2008.06634
1701.00117
1411.5474
2008.05271
1705.02556
1502.05632
1511.05709
1310.4349
2008.03215
2103.05256
1703.00556
1004.0658
1501.06461
1511.04479
1004.0658
1708.09097
1404.6866
2010.06374
1803.04432
1608.03785
2012.08924
1804.00485
2008.07009
1006.3020
2009.01284
1608.07076
1512.08899
2008.04264
1411.4166
2008.06954
1407.3926
1904.06851
1412.6925
1911.04052
2103.17092
1904.08812
1602.02086
2008.02950
2009.01692
1802.08590
1703.09620
1705.02201
1308.3987
1502.03951
2008.04600
2009.01438
0912.0448
1710.06384
1811.07701
1211.2926
1507.04798
2009.01439
2008.02164
2009.01468
0903.4386
1003.1511
2008.05088
1505.01988
1705.06125
2009.01753
1911.12504
1704.01696
1505.00001
1803.05970
2008.04387
1512.08754
2009.01573
1712.06087
1810.00237
1507.01882
1209.2471
2008.02107
1403.2708
2008.03825
1906.11721
1012.5752
2008.03309
1508.01191
2008.06554
0910.2044
2008.07466
2006.11510
2007.13019
1606.09042
2002.10931
1401.3567
2008.01519
2009.01393
2008.03681
2009.01282
1703.03473
1204.1559
1702.03511
1902.07515
1601.05833
2008.06634
2009.01803
1503.05971
0708.1496
2009.01540
2006.04423
1306.0585
2008.07083
1509.08790
1706.02054
1402.1141
2009.01281
1510.02644
1907.05777
2009.01465
2008.06554
0903.1765
1805.09322
1804.00485
2008.05088
1501.00102
1401.6335
2008.01187
2008.04104
1612.07217
2008.04203
1602.02887
1501.00102
1401.6541
1808.01662
1502.00584
2005.14552
1901.11486
1104.3049
1512.05667
1501.06461
2011.13113
1509.02601
1605.02588
1211.2313
1205.0170
1307.4801
2008.02840
2009.01530
1304.1185
0901.2321
1509.08123
1811.00761
2009.01765
1604.07515
1111.3000
1303.7460
1203.1952
1908.06757
1608.08384
1506.02903
1810.13104
1902.07766
1606.03935
1705.04043
2008.04352
1105.1884
2008.04442
1512.02379
1508.06586
1310.4349
1806.09860
2008.02846
2008.03801
2008.04516
2002.06842
2009.01521
0903.4386
1810.10639
1507.00443
1711.08498
1503.08642
0805.3742
1507.01628
1606.03236
2008.01193
2008.04008
1006.4270
2008.02107
1309.5657
1604.01261
2008.04502
2008.06729
1111.2451
1405.1250
2007.12823
0903.2226
1803.04432
2008.03650
2009.01523
2008.04203
1701.01326
1207.5220
1210.2484
2008.01552
1704.08680
1811.07701
1310.5590
1609.03062
1906.02898
1601.06611
1310.1766
2008.03662
1903.04940
2008.02952
1710.05912
1604.07515
1205.3940
1401.2234
2008.02196
1903.04369
1010.4824
1607.04077
2009.01785
1611.08103
1604.03210
1707.01134
2008.01928
1906.04680
2008.03703
1304.1185
1701.01644
1609.06508
1602.03770
2007.12823
1711.01816
1701.01010
1510.00266
2009.01540
1506.05231
2009.01785
2008.02107
1603.09169
1709.03413
1506.04416
2007.00168
0710.4965
0710.4965
2008.02881
1806.10254
1511.01111
2009.01499
1507.04046
1505.01523
0911.3717
1911.06742
2008.02952
2008.04124
1111.3000
2009.01293
2008.03988
1210.7638
1503.05911
1611.03616
1704.00908
1403.7793
1205.3940
1804.08316
1605.01686
2008.04370
1009.4641
1807.02033
2008.03703
2009.01565
1705.02201
1902.07515
1602.03655
1207.4933
1806.07554
1711.00339
1701.03008
1305.0698
0903.5399
1506.04013
1705.04469
1506.01151
2102.12289
1806.08874
1401.2121
1704.01023
1509.05009
2008.04753
1611.00328
1610.03245
1604.02347
2008.06063
1710.05912
2009.01818
2008.04866
1511.04036
1601.01100
1405.5351
1711.00339
1304.1185
1908.06757
1411.5474
2101.07509
0904.2477
1307.6444
1511.07212
1211.2313
1512.08754
0902.2685
2009.01672
2008.03662
1606.05491
1705.09198
2008.03632
1906.00577
2009.01565
1510.03203
1402.2760
1804.07097
1310.3902
1511.08941
1203.1952
2009.01366
1111.5743
1309.5657
1410.3987
2008.02888
1005.3063
1612.05221
1711.04449
2007.13019
2008.05150
1612.05221
1707.06664
1506.04744
1708.07653
1504.03670
1707.04600
2006.12227
1403.7793
2008.03903
2008.06655
0904.4526
2008.06167
1410.2697
2009.01565
1508.04934
2009.01607
1802.06079
1907.03626
2008.04128
2008.03309
1704.07293
1708.09097
1806.03090
0904.4526
2009.01604
1508.01191
1511.01807
1805.07954
1401.6190
1601.06014
1908.01874
1703.04285
2009.01364
2007.12823
1410.8075
1303.4672
1707.08313
1507.07505
2010.06374
1807.10976
1310.1766
0911.1318
1608.06891
1412.0037
1611.06924
2008.04964
1801.04984
1204.2124
1711.04449
1402.2760
1602.02887
2008.07055
2102.03052
2008.01655
1410.8816
1407.3926
2008.03522
1011.4686
2008.04600
1703.09620
1612.04484
1703.03905
0805.3742
1811.00333
1506.04830
2008.03522
2008.04581
1601.06834
1507.04046
1602.07210
1404.6866
1309.0085
1502.00584
1507.04046
1609.06935
1507.00700
1603.07188
1408.2095
2008.06330
1709.00255
1604.01785
1904.08138
2009.01367
1902.06691
2008.01552
1704.08680
2008.04502
1706.06836
1705.01924
1803.08457
1012.2088
1103.2756
2008.04815
1407.3926
1505.06973
1706.04410
1807.01012
2008.03395
2009.01281
1305.5316
1509.08123
1702.05967
1504.04136
2006.12736
1801.04966
1201.0626
1711.00201
1207.5220
1807.01012
2008.07274
1506.01159
1406.7155
2008.07318
1712.10213
2008.01193
1010.4824
2008.03448
2008.06648
0901.0015
2009.01439
1508.03579
1601.05706
2008.03703
2008.06110
1604.03558
1211.4095
2008.04946
1612.09423
1309.0085
2008.05150
2008.04379
1401.6335
1507.03113
2008.04693
1701.00117
1712.09687
1601.01614
2008.04815
2010.02043
1608.02424
1207.4933
2007.12929
1706.04463
1611.03652
1512.04313
1611.05429
2101.07509
1310.5553
1510.02644
1706.04687
1705.03933
1311.3566
1406.7769
1709.03413
1706.04687
1705.06979
1006.3020
1502.05145
2011.14504
2008.04008
1210.8101
1809.06019
1703.03904
1301.2959
1712.06042
2008.01957
1909.10783
1609.04340
1906.06471
1709.08872
1806.01455
1807.10255
1610.04325
1706.04410
1703.03904
2009.01765
1511.04191
1509.01094
1403.3300
1506.04416
1101.2577
2008.04407
1703.03076
1305.0698
1512.05667
1611.03616
1311.3566
1711.04449
0909.4756
1610.01132
1712.05594
2009.01591
2008.05088
1507.08847
1410.4461
1602.02888
1511.02513
2008.06092
2008.04650
1608.07076
1703.03076
2008.03507
1902.07928
1309.7698
1303.7460
2009.01818
2007.13484
2008.01214
1004.0658
2008.04158
2008.06865
1204.4864
0810.3416
1509.03127
1704.08680
2008.06974
1506.01151
2008.06534
1611.08131
2009.01785
1909.03050
2006.04423
2009.01279
2009.01290
1705.04469
2009.01446
0708.1496
1811.00333
1704.05737
2007.12823
1610.04325
1703.05523
1206.6465
2008.04203
1302.2615
1705.09198
1509.02796
1609.06935
1902.08767
0803.2570
2008.04388
1905.11985
1310.5553
2007.02713
1608.02824
2003.07108
1210.3146
1606.03623
1605.05924
1805.10406
1602.02899
1612.01263
1504.03670
2009.01293
2008.06655
1506.04573
1905.11222
2004.10130
2008.03391
1808.09407
1712.06042
2005.11692
1705.09198
1506.04416
1804.04186
1608.03785
2009.01634
2008.06899
2008.06330
2008.03686
2004.10048
1706.02054
2003.07108
1507.03113
1606.05491
1508.03579
2008.01214
1704.04550
1608.08384
2002.10931
1810.02919
1901.03966
0903.1765
1810.08938
1405.5978
1505.05373
2009.01362
1911.01911
2009.01439
1604.06996
1507.04798
1501.00102
1404.7435
1707.05115
2008.01928
0801.1179
0805.3742
1510.00208
1401.6190
2008.05259
1007.1048
2104.12368
1302.5391
1706.04432
1401.6335
1705.01823
1701.00117
1708.04332
1211.4095
0712.4402
1903.06257
1703.00556
2008.04388
1705.05334
2008.01193
1902.10278
1511.05366
1705.04469
1211.4095
2008.03102
1711.01816
2008.01221
2008.03301
1811.02633
0810.3416
1707.04982
1604.05937
2004.11293
1306.5039
1601.06014
1209.3573
1606.09042
1611.06924
1902.08684
1902.06691
1312.6503
1203.1525
2008.03395
1512.01537
2008.04687
0901.2321
2008.13312
1502.03255
2009.01649
2009.01290
1511.00442
1705.06242
1504.02089
1301.2959
1909.07210
2009.01399
1809.09876
1909.07585
1906.03184
2006.12736
1601.01100
1210.7638
1804.00485
1605.05924
1807.09982
1505.02322
2008.06655
1507.01628
2101.05004
1910.10934
2008.02164
1911.05147
2004.10048
1701.08810
1903.03684
1910.10934
1511.08941
1602.07210
2009.01334
2008.05259
2009.01649
2008.04866
2007.02713
2008.01221
2008.04549
1709.08360
1203.1525
1012.2088
2008.02944
2008.04946
1401.2234
1503.07659
2008.01628
1802.02571
1412.5077
1606.09042
1806.01455
2101.10792
1211.2926
1502.03255
2009.01786
1903.04940
1911.05147
1807.10976
1704.01023
2009.01376
1305.5316
2008.05042
1311.3158
1704.04550
1012.5752
1703.04285
1802.09307
1310.3902
1511.01650
1108.6263
1107.0416
1612.04484
0903.5399
1805.09322
1605.02588
1702.07679
1101.2577
1107.1779
2009.01455
1612.04484
1904.11564
2008.05271
1608.05867
1503.05971
1311.3158
1706.04463
2008.03215
1802.00033
1611.06924
2008.03750
1210.3146
2008.02196
2011.13113
1904.05151
2009.01338
1212.2950
1907.12268
1005.4216
1703.04524
1604.01261
1707.04600
2008.07055
1706.06894
1509.05009
1704.07293
1703.10918
1906.00577
2008.04387
1806.07554
1712.09952
1504.03303
1902.08767
2009.01499
1705.02203
1308.0437
1902.07766
1601.06014
2009.01422
1811.08614
1503.04253
2009.01742
1606.03236
2102.01254
1304.3477
1511.05709
1511.04479
2008.02993
1206.4691
2008.07094
1506.06001
1602.07210
1612.04353
2008.04738
1606.03623
1802.09307
2009.01762
1201.5835
1806.03501
1210.8101
1905.06540
1302.2615
1606.05491
1412.5077
2008.01531
1009.5773
1701.01010
1512.04313
2009.01514
2009.01438
1703.00548
1401.1032
2012.08924
1210.8101
2008.03592
1605.05924
1502.04336
2009.01742
1412.6925
2008.02900
1902.06691
2009.01475
1212.2950
1901.05947
1810.10639
1108.6263
1001.4521
1601.01100
1907.03029
1902.07064
1606.06566
1907.03626
1512.01537
1203.2015
1807.09905
2102.03071
1603.07188
0904.2477
2008.01279
1502.05860
2007.12856
1105.3347
1910.09638
1502.00584
1304.4806
1209.4214
1511.03908
2008.03867
1904.06851
2008.03857
2009.01334
2009.01634
2004.11293
0912.0448
2008.04442
1209.0126
1504.04136
2009.01692
1805.12518
1410.8075
2101.01392
1604.06996
2009.01610
1811.08614
1911.06742
1511.08598
1501.00102
1803.05970
1310.0670
1403.2708
1401.3567
1708.07653
2103.17092
1602.02888
2008.01187
1104.3739
1509.08790
1908.11752
1611.06924
1203.1952
1701.08810
2008.04216
1606.03236
1708.07653
1712.00646
2008.04650
1601.06578
1908.01874
0803.2570
1310.0670
2009.01369
2008.04866
1505.07781
2008.03525
2008.06634
1807.09905
1402.0068
2008.03756
2009.01341
1610.00348
1003.3765
1506.06001
1604.01785
2008.04703
1505.01523
1003.3765
2011.14504
2010.08923
2008.04689
2101.01392
1505.01523
1310.6900
1310.5553
1302.4784
1604.03558
1512.08112
1905.06105
1703.04285
1208.5268
2008.04689
2009.01439
1304.1185
0811.4349
2005.14552
1005.4216
2008.03592
0809.0840
1906.11721
1602.03655
2008.03309
1010.4824
1503.07659
1701.04569
1701.01326
1606.08226
2008.02840
2008.01295
1307.2852
1602.03090
1505.01523
1507.06765
2008.02881
1703.04285
1606.06566
2008.05088
1401.3567
2008.03867
1907.03029
2008.03867
1911.04052
1108.6261
1910.08416
2008.02944
1202.2080
1609.07983
1311.3566
1412.5077
1807.01012
1907.03029
1605.05924
2008.13312
2006.12736
2008.03215
1704.07293
2008.06219
1905.11222
1711.01816
1909.07210
1412.6925
1712.06087
1306.5039
1807.02033
2009.01427
1207.5220
1506.04744
2008.07048
1412.8528
1605.06792
1610.09976
2008.05042
1210.7931
1909.13604
1611.08655
1504.03670
2102.12289
1807.01866
2008.04379
2008.05128
2008.04158
2101.12639
1104.3739
2009.01514
0804.2469
2007.12975
1709.08360
1601.01100
2009.01573
1109.0687
1909.07585
2009.01282
1402.6908
2009.01280
2008.06265
1806.07554
1904.12232
2008.05137
1803.08457
1701.00227
1604.03558
1812.02232
2008.01193
1510.00266
2007.09645
2010.06374
1610.06924
1902.10278
2008.03033
1802.06079
2007.11808
1704.01696
1807.02740
2008.06823
2008.06971
1603.07188
1402.6908
1405.7470
1305.4912
1602.02899
1805.10561
1509.08123
2101.01392
2009.01634
1911.02929
1210.7931
1403.3300
2104.07160
1206.4691
1604.07515
0805.3742
1412.2662
1604.03244
2008.04158
1211.2926
2009.01692
1201.5835
2008.06667
1608.02051
1111.4136
0803.1695
1706.06894
1509.03127
2009.01446
1107.1779
2009.01523
1509.05009
1610.08543
2008.05128
2009.01279
2008.04108
1705.06242
2008.04407
2008.06554
2009.01610
1808.06717
2009.01649
2008.02888
1811.00333
1509.05637
2008.01218
1810.06746
2008.07466
1608.04721
1002.4583
1512.08112
1111.0379
1604.06996
2008.07009
1707.04982
1903.09966
0911.3438
2008.06534
2009.01649
1811.02633
0902.2685
1307.4801
2009.01827
0912.0255
1510.04489
1608.04721
1509.06035
1806.08874
1605.04874
1807.02221
2008.02164
1210.2484
1009.4641
1803.08686
1602.08166
2008.03033
1310.6900
2009.01366
1804.08316
1806.03501
1804.05741
2008.02840
1710.06384
1412.8528
1611.03616
2007.12929
2009.01632
2009.10283
2008.03632
1601.05833
2012.09327
1209.3573
1602.02888
1607.08472
1806.03090
2008.01835
1901.03966
1503.08642
1701.07096
2008.05122
1204.2124
1611.05915
1502.03951
1009.5773
1709.10075
2008.04008
0912.0448
1602.02086
1509.00705
2008.06695
1005.3063
1204.4411
2104.07160
1302.0753
1910.09599
1005.4216
2008.03102
1803.01420
1810.06746
1802.00800
1703.10918
1804.00954
1310.4349
2012.09641
2008.06680
1511.01650
1006.4270
1608.08306
1508.04934
2008.04124
2008.04988
1401.2121
1706.07513
1512.04313
1604.01785
2009.01803
1307.6444
1601.05833
2008.04108
1904.06851
2008.04738
1808.06717
1403.7793
1812.07640
1304.5299
0911.3717
2007.11808
1904.06851
2008.04549
1707.08313
1204.4411
2008.04388
1607.01272
1704.00908
1611.05429
1512.08112
1603.04891
1103.2756
2009.01540
1002.4583
1612.04431
2008.06063
1410.8816
1505.07780
1305.0698
1711.00201
1705.02203
1808.05500
1806.10254
2006.11510
2010.02043
1608.06891
1205.3940
1907.01883
1410.4461
1611.06385
1708.00183
1201.1221
1806.08908
1911.01911
1512.08754
1706.02054
2009.01438
2009.01438
1505.00752
2009.01560
2101.11218
1504.02089
1506.06001
2008.04581
2009.01460
1607.02259
1109.6460
1107.1938
1606.03935
1511.05366
1312.6503
1706.04432
1308.0437
1105.3347
1508.06158
1502.00584
1602.08166
2008.04104
1911.06742
1701.07096
1404.6866
1806.03501
1911.04052
1606.03236
1902.06691
2009.01523
2012.09641
1703.00556
1503.08643
1109.0687
2007.13121
1011.1201
2008.04946
1010.5493
2102.03071
1810.02919
1612.04053
1601.06014
0910.2044
1706.04687
1804.00954
1601.01100
1507.00700
1510.00208
1505.07780
1506.04830
1509.08123
2009.01362
1508.03579
0810.3416
1207.4933
1112.3925
1904.08138
2008.03053
2008.04578
1210.3146
1412.1929
1505.00752
1403.0466
1906.03184
1604.05937
1604.07515
1703.10918
1712.09952
1909.10783
1605.08764
1609.03062
2009.01235
1507.08847
2009.01287
1709.00829
1710.05912
1302.0753
1908.01874
2008.01531
1910.09638
2008.03801
1707.01134
2009.01341
1904.11564
1303.7460
1507.01628
1507.06765
1505.07781
1003.3765
1302.6738
2008.06167
2102.03071
1601.05137
1506.06001
2006.03669
0809.1017
1410.2697
2008.03033
1401.6190
2009.01235
1505.01358
2008.04617
1907.03626
1806.09189
1802.02571
1604.07426
1408.4437
1602.02086
2008.02950
1611.00328
1808.09407
2008.04264
1509.06035
1608.08384
1608.02051
1312.6503
1612.09423
1811.01111
2007.12975
1505.00001
0803.1695
2008.04008
1306.0585
2009.01530
2008.07009
1607.06179
2009.01475
1001.4548
1010.1911
1906.00577
1903.09054
2008.03763
1707.02798
1705.01924
1405.7470
1302.0753
2008.02846
1902.07928
1210.7638
1712.10213
1903.06257
2008.06899
1506.05231
2009.01338
1802.08590
2008.04946
1907.03626
1309.7698
2008.04753
1804.05741
1609.07983
1307.2852
1606.06566
1702.03511
2012.09641
1412.5077
2009.01367
1806.03501
1507.01882
2004.11293
1706.06836
1709.01597
1403.7495
2008.01957
1704.05737
1107.1779
1607.04818
2007.13121
2009.01591
0911.3438
1806.08908
1601.06834
1504.02712
1812.03362
2009.01658
1201.1221
1504.04136
1809.09876
2008.04446
1204.4411
1111.1129
2009.01658
2008.02859
2104.05364
1303.4672
2009.01282
2008.03703
2008.01431
1705.01924
1711.08498
1709.00255
1801.02466
1401.6190
2008.03215
2007.00168
1709.10008
1803.05970
1701.01644
1001.4521
0902.2685
1809.06019
1606.09042
1806.10254
1509.02796
1304.3477
1602.07210
2008.07318
0904.4526
2008.04964
1109.0687
1512.08112
1610.06712
1506.01159
1708.07653
2008.01139
2008.04693
1310.5590
1711.00201
2008.06954
1608.05867
2008.07318
1502.03951
1707.02798
2008.07048
2006.03669
2009.01759
1905.06105
1701.01644
1810.10639
2008.01628
2008.05137
2008.03825
0804.2469
1103.2756
1309.2444
1312.6503
1902.07515
1510.00266
1302.4784
1608.03785
1607.08472
0903.5399
1303.7460
1309.5657
1011.4686
1705.04469
1504.02089
1605.07018
2009.01369
1408.4437
2008.03756
2006.12227
1508.01191
2008.04113
1802.06079
2008.03857
1301.6465
2009.01280
1403.0466
1103.3952
1707.02798
1901.03966
2008.01860
1507.01882
2008.04481
1909.07210
1707.04600
1901.05947
1711.01816
1111.5743
2008.03632
1001.4521
2008.06330
1605.02588
1308.0994
1709.00829
1606.05491
1111.5743
1409.2413
1912.02093
1705.05334
1111.0379
0811.4349
2008.04264
1011.4686
2103.05256
1802.02571
2008.03697
2009.01366
1901.11486
1612.09423
1801.04966
2012.09327
1604.03244
1507.03113
1710.05419
1002.4583
1810.00237
1401.2234
1902.07766
1705.02556
1402.6908
2008.04128
1808.08850
2008.06667
1408.2095
2102.12289
1605.04874
2009.01282
1810.00237
1602.03655
2008.01214
1707.05115
1701.04906
1807.02033
1511.04479
2008.02859
1909.13604
1611.06385
1701.03008
1911.12504
1811.01111
1510.01444
1105.1884
1302.2615
1711.08498
2008.02859
1712.05594
2008.04815
1503.08642
1505.00752
1302.2615
1909.03050
1503.07659
2009.01523
1507.06427
1406.7769
2008.01221
2009.01287
1510.03203
1805.08099
1111.1129
1105.3347
1806.06779
1609.06508
2008.03453
1210.3146
1909.07210
1705.04469
2008.04370
2008.01295
1511.01807
1705.06125
2008.06655
1507.04798
2101.11218
2009.01818
1601.05833
1411.7055
1912.01562
2009.01544
1309.3870
2008.04703
2008.03559
1709.10008
2008.03697
1906.00577
2008.07048
2009.01569
0903.2226
1606.03623
1510.08786
2008.03053
1911.02929
1603.00611
1903.09054
1405.1250
2008.06286
1701.04383
1507.07363
2008.06092
2008.06729
2009.01530
1705.03933
2008.04516
2008.03453
1602.07127
1509.03127
1201.0849
1607.04077
2009.01559
1703.03607
2008.02944
1807.01456
1709.03879
2101.12639
2008.03756
2008.03665
2009.01521
1305.4912
1901.03966
2006.12736
1209.2471
1910.08416
2007.02713
2008.03592
2008.04388
1507.01628
1203.1952
1810.02919
1512.08899
2004.10048
1707.08313
2008.03033
1606.08226
1707.02798
1703.03473
1703.04524
1701.08124
1403.2708
2008.04581
0912.0255
2009.01499
1612.01263
2008.02950
1505.02322
1903.06257
1804.07097
1911.01911
1703.02077
1506.06001
1507.00443
2008.03194
1403.7793
1310.1766
1805.08099
2009.01672
1708.04332
2008.01655
2008.07274
1806.09727
2008.01655
1203.1525
2008.03391
1905.06540
1812.06828
2009.01455
2008.06727
0903.1765
2008.04379
2009.01367
0903.2226
2101.01392
1907.03029
1403.3300
1003.3765
1609.06323
1604.02347
1903.06257
1702.05967
1510.02644
1308.0994
1612.04431
1508.04934
1805.07954
1301.4168
1807.02740
1112.3925
1509.01094
2011.13113
1406.0496
1904.08812
1310.6900
1807.01456
2010.02043
2008.02846
2008.07466
1610.03245
1703.03607
1507.07505
2009.01422
1003.1511
2007.12720
1412.1929
2008.05055
1711.00339
1302.4784
1601.06834
2009.01827
2008.03507
1806.06779
2008.05055
1709.03879
1709.08872
2008.04673
1806.09860
2008.02881
1907.01393
2009.01367
1309.0085
2008.04988
1609.06935
2007.00168
1807.01866
1403.0466
1608.04671
2008.03650
2008.03867
1001.3498
1310.4349
2008.06954
1502.05632
1611.00328
1012.2088
2009.01362
2009.01565
2008.03843
2008.01519
2008.07274
2009.01786
1503.07659
1404.7435
1603.02466
1405.5978
1307.2852
1904.12232
1506.04744
1511.08941
2008.03301
2009.01762
1610.04325
1708.04332
1510.07825
2008.03455
2101.12639
1511.04479
2008.06167
1302.5391
1701.07299
1401.2234
2008.02846
1009.5981
1507.00443
1210.2484
1209.2471
1709.00829
2008.03559
1704.05134
1105.3347
1802.09307
1502.03255
0712.4402
1704.05737
1610.00348
2008.04446
1906.09199
2004.11293
1907.05777
2009.01559
2008.04387
2008.04578
1701.01326
1904.08138
1705.02201
1111.2451
1404.7435
1308.0994
1104.3739
1107.1779
2009.01455
2008.03391
1309.2444
1510.07825
2006.12227
1812.02232
2012.08924
0909.4756
1703.00548
0903.2226
1605.04874
1703.03607
2008.01139
1708.00183
1809.06019
1602.01995
2009.01439
1712.00747
1611.09769
1201.0849
2009.01468
2008.04964
2008.06265
1903.04940
2012.08924
2008.02952
1310.3902
2008.07083
1209.4214
1906.11661
1511.00442
1904.12232
1702.00635
2008.03522
2008.05259
1702.05967
1402.0092
1109.6460
1511.08598
1712.10213
1610.05156
1510.08786
2008.01193
2010.06374
1812.06828
1806.09860
1610.09976
0711.4475
1511.06568
1711.01816
1605.08764
1511.02513
1305.5316
1804.05741
1505.06973
2104.05364
2008.04450
2008.03903
2009.01376
1708.00183
1906.09199
2009.01569
1602.03770
1507.03113
2008.07048
1704.08680
1703.05523
1807.02221
1604.01261
1504.08168
1607.08472
1705.04524
1906.06471
1807.09905
2008.04502
1901.11486
1609.06323
2008.06729
1506.01151
1412.5077
1901.05947
1405.5351
1402.6908
1902.10278
2008.03102
1703.03607
1010.5493
1703.03607
0801.1179
1608.04721
1509.02796
1505.07781
1804.05741
2007.12856
2008.04113
1808.08850
1804.07097
1701.00227
1202.2080
1904.11564
2008.05128
1607.04077
2007.12747
2008.06823
1501.00102
2009.01427
1504.08168
1201.5835
1307.6444
2009.01810
2008.04516
1901.05947
1805.12177
1612.05221
1808.01662
1201.5360
2008.02888
2008.04352
2008.06219
2009.01281
2008.05122
1701.08810
1706.04188
1805.07954
2007.09645
1704.00908
2008.04352
2007.12929
1706.04410
2008.01928
1701.01010
1407.4645
1304.5299
2009.01607
1306.0585
1706.06894
2008.03507
0801.1179
1707.04600
1511.05366
1608.02824
1301.2959
1402.1141
1712.00646
1704.05134
1906.02898
1208.5268
1904.08812
1302.6738
1710.05419
1210.2484
1508.03959
2104.05364
1305.4912
2009.01625
1309.7698
1607.02259
1902.10278
2008.04481
1506.04573
2008.04815
1506.05231
1908.03901
0712.4402
1904.12232
1404.6866
1505.01988
1509.05637
1308.0437
1612.01263
2007.12975
1201.0849
1701.03008
1903.09054
0803.2570
2002.10931
1608.05137
2009.01607
2008.06543
1803.01420
1608.02051
1709.03879
2006.15994
1102.3029
2009.01290
1701.06688
1701.00227
1607.00974
1911.05147
1406.7155
2008.06543
1901.05947
1007.1048
1610.06712
2008.03455
1503.07659
2008.07094
1902.08684
2008.04964
2008.06727
1702.07679
1902.07928
1310.0670
2009.01765
1209.2612
2004.10048
1604.05937
2008.03632
1604.01261
1803.08457
1405.5351
1909.07585
1807.10255
2008.06899
1302.4000
1511.06568
1602.03674
2009.01287
1511.01111
1811.07701
1005.3063
1704.06305
2008.01628
1803.04432
2008.05150
1306.0585
1709.01597
2102.01254
1403.2708
1209.4214
1502.04336
2012.09327
1402.0068
1610.05156
2008.02196
2008.03843
1511.04036
2009.01280
2008.04407
2008.04845
2009.01803
1611.08103
2005.14552
2008.01928
1706.04463
2008.07318
2008.03507
1811.01111
1511.04191
2009.01818
1701.04569
1807.10255
1604.02347
1709.00829
2008.06729
1204.4411
2008.03526
2008.03665
1509.02796
1810.06746
1503.08642
1808.09407
2008.05042
1511.01111
1602.03674
1703.03904
1005.3063
2006.15994
1608.08306
2008.02950
1707.06664
1905.11985
1607.06179
2008.07094
1701.04383
1705.09198
1906.04680
2101.07509
2009.01604
1505.01358
1508.03959
1301.2959
1612.04353
2009.01399
1002.4583
0903.1765
2008.02888
1805.10406
2008.01555
1411.3334
1603.02466
1403.7495
2009.01610
1702.07679
1611.03652
1803.08686
1509.02601
2009.01696
1507.06765
0708.1496
1002.4583
1510.04489
2011.14504
1107.1779
2008.06727
1703.03905
2009.01573
1812.07640
2008.06634
1908.03901
2009.01560
1802.00800
1607.02259
0901.0015
2008.04988
0911.3717
1604.03210
1801.04966
1707.05115
1608.02424
1704.01023
1701.04383
1609.06508
1612.05221
2009.01468
1303.4672
2008.01693
1701.06167
2009.01827
1805.12177
1206.6465
1004.0658
2008.03526
1111.2451
1506.04416
1603.00611
1006.4270
1409.2413
2008.04254
1502.00584
1001.4521
2008.04124
1707.08900
1607.04818
1806.01455
1704.07293
2008.04753
1506.02903
1808.08185
1307.4801
1806.01455
2009.01485
1303.7460
1604.07426
1302.4000
2008.01279
1509.06035
1712.06087
1504.02712
1401.6541
1710.05419
1104.3049
1808.09407
1410.2697
2008.05137
1611.03652
0803.1695
2007.12720
1903.02632
1502.04336
1307.2852
1807.10976
0901.0015
2008.01279
0903.4386
2008.04975
2008.06954
0909.4756
1810.08938
0901.2321
1405.1250
2008.03857
2008.03592
2008.03988
1410.8075
1804.00485
2006.15994
1201.0626
1804.04186
0711.4475
1108.6261
1708.04797
1706.06894
1311.3566
2008.04845
1510.07825
1509.08790
1612.07217
2009.01607
1210.7638
1601.06611
1003.1511
2008.04549
0905.0024
1204.1559
1607.00974
1504.08168
2009.01446
2008.02881
2008.06648
1405.5351
2009.01338
1001.4521
1606.03623
1309.3870
1608.02051
2009.01573
2009.01362
1606.03935
1309.0085
1705.02556
1905.11985
2008.04104
1409.2413
2008.06717
2004.10130
2008.03727
2008.04370
1706.07513
1204.4864
2008.04975
2009.01579
1412.0037
1910.08416
1510.03203
2009.01455
2008.03686
2008.06110
1904.05151
1203.1525
1310.0670
1702.03511
1708.04332
1612.04353
1603.00611
0803.2570
1010.1911
1005.3063
1307.6444
1608.06891
1601.05706
2009.01653
1812.07640
1511.08598
1003.3765
2008.03033
1604.03244
2008.07048
2009.01235
1402.6908
2009.01569
1006.4270
1906.11721
1701.07299
1509.00705
1605.07018
2009.01544
1507.00700
2007.13492
1611.09769
2103.05256
1802.02571
1802.02571
1507.07505
1503.05911
1911.04052
1608.05169
1602.01995
1408.2095
1405.5978
1411.5474
1602.02888
1612.04431
2008.04352
2008.01628
2009.01367
2006.04423
2102.01254
1807.01866
1201.0626
2009.01560
1706.04432
1201.1221
1503.04108
1201.4801
2008.06974
1807.02033
2009.01446
1806.09189
1708.07367
2002.06842
1401.2121
1011.4686
2007.02713
1608.05169
1312.0049
1207.4933
1610.09976
1502.05860
1509.02601
1210.7638
0904.2477
1908.11752
1109.6460
1402.0092
2008.04578
1511.06568
1907.12268
1403.0466
1805.12177
1911.02929
1511.04191
2008.05137
1709.10075
1511.04479
1206.4691
1810.13104
1608.04671
2009.01786
1603.00611
1503.04108
1712.08868
1302.5391
1612.07217
1908.03901
2008.06543
1308.3987
1702.06259
0911.3438
1704.06305
1403.0466
2007.12929
1802.06079
1701.03008
1807.09982
1504.04136
1103.3952
1706.07513
1603.04891
1705.02556
2101.05004
2008.04998
1910.09638
1712.06042
1803.01420
2008.06543
1510.00208
0811.4349
2009.01284
1105.3347
2011.14504
1701.07096
1505.00001
1708.07367
2009.01625
2010.08923
1512.08112
1411.4166
1711.00201
1806.07554
1806.08908
2008.01431
1608.02051
1508.06586
2006.15994
2008.01693
2008.04446
1702.00635
1508.06158
2008.04600
1302.6738
1512.02379
2008.02940
2009.01759
2008.04370
2008.06534
1807.10255
1907.01883
1703.03076
2008.07171
2008.03665
1509.05637
1408.2095
1204.2124
2008.03763
1810.02919
1601.05833
2008.06555
1902.07064
1907.12549
1512.04313
1301.4168
1910.09599
1402.1141
1205.3940
2008.06974
1703.05523
1011.2946
0810.3416
1302.4000
1411.7055
2009.01753
2009.01632
1505.07781
1808.08185
1604.07515
1006.3020
0910.2044
1010.5493
1608.05867
1701.04569
1602.03770
1912.01562
1703.00548
1612.07217
1101.2577
1802.04687
2008.03301
2008.03526
1703.09620
1712.00646
1406.7155
1710.05912
1806.09727
2009.01810
1707.04982
1603.07188
1009.4641
1507.07363
2009.01696
1504.03303
1604.01785
1206.6465
1901.11486
1509.05637
2009.01514
1907.12549
1906.02898
1502.04336
2008.01860
1906.02898
1601.06578
2009.01560
2008.04124
1607.04818
1703.03076
1706.04432
0904.2477
0910.2044
2009.01579
2008.06883
1004.0658
1801.04487
1807.01012
1906.06471
1503.04253
2008.06554
2009.01475
1911.06742
1405.7470
1504.06773
2009.10283
1201.4801
2006.15994
1304.4806
1406.7155
2103.05256
1806.09860
1010.5493
2009.01803
1107.1938
2008.07094
1102.3029
1504.06773
2009.01341
1502.04336
1206.6465
1010.5493
1707.08313
0708.0053
2008.07009
1708.07367
1805.08099
1811.00761
2008.03395
1810.08938
1905.06540
2007.12747
1802.00800
1401.6541
2009.01465
1503.04253
2008.06543
2008.04203
2009.01438
1806.03090
1707.00355
1508.06586
1806.08874
2008.04581
2005.14552
2009.01521
2008.04446
1308.3987
1706.04188
1801.04984
1908.06757
2008.02859
1711.04449
2008.04387
2008.05271
1204.4864
1506.02903
1109.0687
1805.10406
1601.05706
2008.03681
1705.09198
1507.06427
1611.05915
2101.01392
2101.11218
2008.06555
0909.4756
1505.07781
1807.02740
1504.02712
1705.06979
2009.01281
1209.2612
1701.04383
1505.00752
1602.02887
2008.01218
2009.01742
1808.01662
1704.04550
2008.04673
1906.11661
1607.08472
1111.2451
2006.03669
1409.5276
1309.2444
1604.03244
2008.04446
1812.06828
2008.04128
2008.03763
0708.0053
2010.06374
1311.3158
1807.01456
1511.07212
1708.04797
2008.03867
1707.00355
2008.07094
2009.01455
